10000 9990 10 0 
10000 9989 11 0 
10000 9989 11 0 
10000 9989 11 0 
10000 9989 11 0 
10000 9987 13 0 
10000 9985 15 0 
10000 9983 17 0 
10000 9982 18 0 
10000 9980 20 0 
10000 9976 24 0 
10000 9973 27 0 
10000 9973 27 0 
10000 9971 29 0 
10000 9969 31 0 
10000 9967 23 10 
10000 9967 22 11 
10000 9967 22 11 
10000 9965 24 11 
10000 9964 24 12 
10000 9963 24 13 
10000 9959 24 17 
10000 9958 25 17 
10000 9957 23 20 
10000 9955 24 21 
10000 9955 20 25 
10000 9951 22 27 
10000 9950 22 28 
10000 9947 24 29 
10000 9943 25 32 
10000 9940 27 33 
10000 9934 33 33 
10000 9933 33 34 
10000 9932 33 35 
10000 9932 32 36 
10000 9929 32 39 
10000 9926 33 41 
10000 9923 35 42 
10000 9920 35 45 
10000 9918 37 45 
10000 9915 38 47 
10000 9909 41 50 
10000 9907 41 52 
10000 9905 41 54 
10000 9902 39 59 
10000 9900 37 63 
10000 9896 37 67 
10000 9891 41 68 
10000 9886 46 68 
10000 9883 47 70 
10000 9883 44 73 
10000 9881 44 75 
10000 9878 44 78 
10000 9876 44 80 
10000 9871 45 84 
10000 9868 44 88 
10000 9865 43 92 
10000 9859 46 95 
10000 9854 49 97 
10000 9851 50 99 
10000 9849 49 102 
10000 9845 50 105 
10000 9837 53 110 
10000 9834 51 115 
10000 9828 55 117 
10000 9823 58 119 
10000 9819 60 121 
10000 9813 64 123 
10000 9808 65 127 
10000 9806 65 129 
10000 9804 63 133 
10000 9799 62 139 
10000 9793 64 143 
10000 9785 68 147 
10000 9780 69 151 
10000 9776 70 154 
10000 9769 71 160 
10000 9768 66 166 
10000 9763 69 168 
10000 9755 71 174 
10000 9750 72 178 
10000 9744 73 183 
10000 9742 67 191 
10000 9738 69 193 
10000 9732 74 194 
10000 9729 72 199 
10000 9726 70 204 
10000 9723 67 210 
10000 9718 64 218 
10000 9711 68 221 
10000 9709 62 229 
10000 9705 64 231 
10000 9701 66 233 
10000 9696 63 241 
10000 9690 63 247 
10000 9686 60 254 
10000 9682 62 256 
10000 9679 62 259 
10000 9671 62 267 
10000 9664 68 268 
10000 9661 67 272 
10000 9655 68 277 
10000 9649 71 280 
10000 9641 73 286 
10000 9633 77 290 
10000 9625 84 291 
10000 9617 85 298 
10000 9607 91 302 
10000 9600 92 308 
10000 9592 95 313 
10000 9588 96 316 
10000 9583 99 318 
10000 9571 105 324 
10000 9557 109 334 
10000 9549 114 337 
10000 9540 117 343 
10000 9532 120 348 
10000 9524 122 354 
10000 9514 123 363 
10000 9502 126 372 
10000 9497 124 379 
10000 9488 126 386 
10000 9480 124 396 
10000 9468 128 404 
10000 9461 130 409 
10000 9451 134 415 
10000 9441 139 420 
10000 9429 135 436 
10000 9419 134 447 
10000 9412 132 456 
10000 9405 131 464 
10000 9392 138 470 
10000 9379 143 478 
10000 9366 140 494 
10000 9356 144 500 
10000 9350 145 505 
10000 9343 141 516 
10000 9336 135 529 
10000 9330 135 535 
10000 9319 139 542 
10000 9307 141 552 
10000 9299 136 565 
10000 9291 134 575 
10000 9283 134 583 
10000 9271 137 592 
10000 9261 138 601 
10000 9243 145 612 
10000 9230 144 626 
10000 9221 141 638 
10000 9211 144 645 
10000 9202 146 652 
10000 9197 142 661 
10000 9189 143 668 
10000 9178 146 676 
10000 9169 145 686 
10000 9155 147 698 
10000 9145 149 706 
10000 9130 160 710 
10000 9117 162 721 
10000 9096 173 731 
10000 9086 163 751 
10000 9070 162 768 
10000 9060 165 775 
10000 9043 177 780 
10000 9034 173 793 
10000 9019 182 799 
10000 9003 189 808 
10000 8987 195 818 
10000 8974 198 828 
10000 8958 208 834 
10000 8945 206 849 
10000 8922 217 861 
10000 8905 218 877 
10000 8893 212 895 
10000 8881 210 909 
10000 8864 215 921 
10000 8852 214 934 
10000 8837 217 946 
10000 8820 218 962 
10000 8812 218 970 
10000 8784 228 988 
10000 8775 223 1002 
10000 8763 217 1020 
10000 8753 217 1030 
10000 8734 218 1048 
10000 8718 213 1069 
10000 8703 210 1087 
10000 8682 217 1101 
10000 8667 220 1113 
10000 8652 222 1126 
10000 8634 224 1142 
10000 8616 228 1156 
10000 8599 230 1171 
10000 8581 234 1185 
10000 8561 236 1203 
10000 8545 236 1219 
10000 8525 244 1231 
10000 8506 251 1243 
10000 8489 257 1254 
10000 8473 252 1275 
10000 8463 248 1289 
10000 8448 245 1307 
10000 8420 253 1327 
10000 8394 268 1338 
10000 8369 275 1356 
10000 8349 279 1372 
10000 8325 284 1391 
10000 8295 297 1408 
10000 8275 295 1430 
10000 8249 304 1447 
10000 8228 310 1462 
10000 8203 317 1480 
10000 8180 317 1503 
10000 8147 333 1520 
10000 8113 354 1533 
10000 8092 361 1547 
10000 8068 370 1562 
10000 8047 358 1595 
10000 8016 365 1619 
10000 7981 379 1640 
10000 7959 377 1664 
10000 7934 377 1689 
10000 7915 369 1716 
10000 7884 376 1740 
10000 7854 384 1762 
10000 7828 390 1782 
10000 7805 386 1809 
10000 7766 400 1834 
10000 7741 393 1866 
10000 7712 390 1898 
10000 7675 407 1918 
10000 7642 418 1940 
10000 7609 423 1968 
10000 7573 430 1997 
10000 7529 441 2030 
10000 7499 446 2055 
10000 7470 455 2075 
10000 7429 472 2099 
10000 7395 471 2134 
10000 7360 483 2157 
10000 7321 498 2181 
10000 7279 510 2211 
10000 7244 512 2244 
10000 7205 522 2273 
10000 7165 527 2308 
10000 7127 531 2342 
10000 7086 536 2378 
10000 7051 538 2411 
10000 7018 534 2448 
10000 6983 535 2482 
10000 6945 543 2512 
10000 6898 555 2547 
10000 6858 557 2585 
10000 6816 565 2619 
10000 6781 563 2656 
10000 6740 563 2697 
10000 6700 564 2736 
10000 6664 559 2777 
10000 6614 575 2811 
10000 6570 580 2850 
10000 6526 582 2892 
10000 6493 578 2929 
10000 6440 594 2966 
10000 6395 608 2997 
10000 6350 612 3038 
10000 6298 628 3074 
10000 6245 632 3123 
10000 6195 644 3161 
10000 6154 646 3200 
10000 6111 649 3240 
10000 6066 657 3277 
10000 6019 661 3320 
10000 5965 674 3361 
10000 5920 669 3411 
10000 5865 688 3447 
10000 5821 692 3487 
10000 5769 705 3526 
10000 5724 702 3574 
10000 5677 698 3625 
10000 5625 698 3677 
10000 5570 708 3722 
10000 5510 716 3774 
10000 5462 713 3825 
10000 5412 724 3864 
10000 5357 733 3910 
10000 5322 723 3955 
10000 5262 734 4004 
10000 5204 743 4053 
10000 5168 732 4100 
10000 5107 743 4150 
10000 5065 738 4197 
10000 5020 730 4250 
10000 4979 723 4298 
10000 4932 726 4342 
10000 4885 715 4400 
10000 4841 698 4461 
10000 4793 694 4513 
10000 4742 701 4557 
10000 4683 704 4613 
10000 4633 703 4664 
10000 4588 709 4703 
10000 4542 694 4764 
10000 4488 705 4807 
10000 4450 684 4866 
10000 4399 685 4916 
10000 4353 693 4954 
10000 4307 691 5002 
10000 4268 686 5046 
10000 4232 680 5088 
10000 4192 675 5133 
10000 4146 670 5184 
10000 4102 674 5224 
10000 4048 673 5279 
10000 3985 679 5336 
10000 3944 665 5391 
10000 3903 665 5432 
10000 3858 658 5484 
10000 3808 662 5530 
10000 3762 670 5568 
10000 3729 648 5623 
10000 3693 643 5664 
10000 3658 642 5700 
10000 3619 627 5754 
10000 3582 630 5788 
10000 3537 635 5828 
10000 3485 639 5876 
10000 3446 629 5925 
10000 3406 616 5978 
10000 3368 601 6031 
10000 3335 597 6068 
10000 3287 596 6117 
10000 3254 589 6157 
10000 3209 579 6212 
10000 3172 580 6248 
10000 3138 572 6290 
10000 3103 579 6318 
10000 3068 575 6357 
10000 3043 563 6394 
10000 3007 553 6440 
10000 2971 545 6484 
10000 2935 535 6530 
10000 2897 530 6573 
10000 2874 518 6608 
10000 2850 504 6646 
10000 2821 494 6685 
10000 2789 487 6724 
10000 2748 491 6761 
10000 2722 472 6806 
10000 2689 471 6840 
10000 2658 464 6878 
10000 2629 458 6913 
10000 2604 452 6944 
10000 2570 459 6971 
10000 2539 456 7005 
10000 2505 446 7049 
10000 2482 435 7083 
10000 2447 440 7113 
10000 2409 457 7134 
10000 2383 461 7156 
10000 2352 453 7195 
10000 2331 441 7228 
10000 2309 426 7265 
10000 2280 430 7290 
10000 2260 416 7324 
10000 2227 420 7353 
10000 2210 411 7379 
10000 2184 407 7409 
10000 2156 405 7439 
10000 2123 406 7471 
10000 2096 397 7507 
10000 2078 395 7527 
10000 2057 376 7567 
10000 2031 367 7602 
10000 2012 360 7628 
10000 1983 365 7652 
10000 1954 367 7679 
10000 1935 364 7701 
10000 1918 357 7725 
10000 1893 353 7754 
10000 1872 348 7780 
10000 1849 351 7800 
10000 1826 351 7823 
10000 1804 335 7861 
10000 1792 322 7886 
10000 1768 323 7909 
10000 1751 318 7931 
10000 1729 319 7952 
10000 1708 315 7977 
10000 1692 309 7999 
10000 1665 308 8027 
10000 1650 296 8054 
10000 1629 302 8069 
10000 1608 302 8090 
10000 1588 297 8115 
10000 1564 293 8143 
10000 1548 290 8162 
10000 1533 285 8182 
10000 1521 278 8201 
10000 1502 284 8214 
10000 1488 273 8239 
10000 1470 277 8253 
10000 1453 269 8278 
10000 1441 261 8298 
10000 1430 253 8317 
10000 1411 250 8339 
10000 1395 248 8357 
10000 1379 243 8378 
10000 1364 235 8401 
10000 1349 231 8420 
10000 1334 223 8443 
10000 1319 222 8459 
10000 1303 223 8474 
10000 1288 228 8484 
10000 1277 221 8502 
10000 1257 224 8519 
10000 1245 218 8537 
10000 1231 216 8553 
10000 1217 219 8564 
10000 1207 214 8579 
10000 1192 216 8592 
10000 1168 221 8611 
10000 1158 214 8628 
10000 1150 208 8642 
10000 1135 206 8659 
10000 1123 206 8671 
10000 1107 206 8687 
10000 1093 207 8700 
10000 1078 206 8716 
10000 1068 204 8728 
10000 1049 203 8748 
10000 1033 208 8759 
10000 1017 207 8776 
10000 999 213 8788 
10000 988 214 8798 
10000 981 206 8813 
10000 973 190 8837 
10000 966 190 8844 
10000 959 188 8853 
10000 950 180 8870 
10000 944 177 8879 
10000 933 171 8896 
10000 926 165 8909 
10000 916 158 8926 
10000 909 151 8940 
10000 901 145 8954 
10000 894 134 8972 
10000 886 126 8988 
10000 882 113 9005 
10000 876 109 9015 
10000 872 107 9021 
10000 865 104 9031 
10000 858 106 9036 
10000 854 101 9045 
10000 850 99 9051 
10000 845 92 9063 
10000 841 92 9067 
10000 838 85 9077 
10000 834 79 9087 
10000 831 74 9095 
10000 827 71 9102 
10000 823 66 9111 
10000 820 65 9115 
10000 816 65 9119 
10000 814 59 9127 
10000 813 59 9128 
10000 808 55 9137 
10000 805 51 9144 
10000 803 50 9147 
10000 801 47 9152 
10000 796 47 9157 
10000 794 47 9159 
10000 790 47 9163 
10000 787 46 9167 
10000 785 45 9170 
10000 782 44 9174 
10000 780 42 9178 
10000 776 44 9180 
10000 776 40 9184 
10000 774 40 9186 
10000 772 39 9189 
10000 766 42 9192 
10000 762 43 9195 
10000 760 42 9198 
10000 759 40 9201 
10000 758 38 9204 
10000 757 35 9208 
10000 756 33 9211 
10000 753 33 9214 
10000 752 32 9216 
10000 751 31 9218 
10000 750 30 9220 
10000 749 27 9224 
10000 748 28 9224 
10000 745 27 9228 
10000 745 26 9229 
10000 743 21 9236 
10000 742 19 9239 
10000 742 18 9240 
10000 741 17 9242 
10000 741 17 9242 
10000 740 17 9243 
10000 740 16 9244 
10000 739 14 9247 
10000 736 15 9249 
10000 734 17 9249 
10000 733 16 9251 
10000 729 19 9252 
10000 727 19 9254 
10000 726 19 9255 
10000 725 19 9256 
10000 724 19 9257 
10000 722 20 9258 
10000 721 21 9258 
10000 720 21 9259 
10000 718 23 9259 
10000 718 22 9260 
10000 718 22 9260 
10000 716 21 9263 
10000 716 19 9265 
10000 715 18 9267 
10000 713 19 9268 
10000 713 15 9272 
10000 712 15 9273 
10000 711 14 9275 
10000 711 14 9275 
10000 711 13 9276 
10000 711 11 9278 
10000 709 11 9280 
10000 709 10 9281 
10000 708 10 9282 
10000 708 10 9282 
10000 708 10 9282 
10000 708 8 9284 
10000 708 7 9285 
10000 708 7 9285 
10000 708 5 9287 
10000 707 6 9287 
10000 707 5 9288 
10000 707 4 9289 
10000 707 4 9289 
10000 707 4 9289 
10000 707 4 9289 
10000 707 2 9291 
10000 707 1 9292 
10000 707 1 9292 
10000 707 1 9292 
10000 707 1 9292 
10000 707 1 9292 
10000 707 1 9292 
10000 707 1 9292 
10000 707 1 9292 
10000 707 0 9293 
10000 707 0 9293 
10000 707 0 9293 
10000 707 0 9293 
10000 707 0 9293 
